time,x,y,z,phi,theta,psi,x_velocity,y_velocity,z_velocity,phi_velocity,theta_velocity,psi_velocity,rotor_speed1,rotor_speed2,rotor_speed3,rotor_speed4
0.06,-3.306058773387955e-08,7.307559812736575e-08,0.0005834248988065156,9.438334787859048e-05,4.5596712031859e-05,0.0,-3.193260092520892e-06,6.8420007891509515e-06,0.019447138099663933,0.004547090750448084,0.0022382091946947917,0.0,410.0985156788513,410.2972215854998,410.6978675324495,411.10086662512595
0.12000000000000001,-3.7041870715001944e-06,4.486449697307536e-06,0.01234206135392718,5.666001270832055e-05,0.0009610845864154172,0.0,-0.0002035817048853727,0.00016056644276096267,0.37245969496931486,-0.013780380261081774,0.033271980840251444,0.0,509.6763394238181,511.8890574557556,511.7121598798246,510.4060915469913
0.18,-4.3013273366330606e-05,1.2092634204265832e-05,0.03713152808740505,6.282199553214005,0.0032824983742321123,0.0,-0.0013226892589534413,1.401515996842011e-06,0.4538261212670423,-0.025754155412534396,0.047772182756087356,0.0,430.1492686298693,431.3760281590462,431.95887068768917,430.94815760179705
0.23999999999999996,-0.00019967023991464977,-1.3458295192694374e-05,0.06699114519605148,6.280832784858692,0.006033625278115906,0.0,-0.004180740354960808,-0.000998325767838351,0.5414550629885386,-0.017410834635328148,0.041706676522068054,0.0,433.7724443069733,433.2641508677702,432.51199348628637,433.2139372638161
0.3,-0.0005759691931138599,-0.00012244553133862747,0.101142941623368,6.279913483034598,0.008321944735688369,0.0,-0.008592046269690772,-0.002727915565521829,0.5969085869956947,-0.01144064147614138,0.0298288999977762,0.0,423.395771004741,422.37355888977623,422.5641018134372,423.07845014150513
0.36000000000000004,-0.0012887809490254845,-0.00036361787624985544,0.1421095315983016,6.279263221663271,0.009916360995206652,0.0,-0.015359116295904545,-0.005386051827715715,0.7685423245447635,-0.009658262345319617,0.019105803610224303,0.0,460.27702815482536,459.4278592267394,459.01693459742205,459.1584666322145
0.4200000000000001,-0.002446185628545205,-0.0007790279557596035,0.1937367125017171,6.278090812335673,0.011802951703204556,0.0,-0.023401545599300445,-0.008533378129651591,0.9522262153825932,-0.06308870503595675,0.04877780179783366,0.0,462.56144999050997,464.8922090527232,465.027633308253,460.8234850202067
0.48000000000000015,-0.0041089103518171625,-0.0014118516314598427,0.2541490868716547,6.274737666070495,0.014884205354121605,0.0,-0.03233241402255368,-0.01292607868202383,1.0614177508880995,-0.0443966773891344,0.05606302035495371,0.0,440.46120996221936,441.0649279393317,439.98215864089156,441.5245281170421
0.5400000000000001,-0.006344823807223151,-0.002357554883266299,0.319217813437022,6.272210092475969,0.018799658322199875,0.0,-0.042543788822293066,-0.018840637402753314,1.1074879072663375,-0.03793455672978893,0.0791842735450603,0.0,419.5380555554407,421.54383195669084,420.4406455313195,420.9990023211389
0.6000000000000002,-0.009323691409906621,-0.00373485489505369,0.38966276550604917,6.269821140994933,0.023562911922108576,0.0,-0.05725771012706461,-0.027316712379693745,1.2405281337465743,-0.04387110872543185,0.07979081873358028,0.0,448.7584188151886,448.8126316039303,448.5735277664567,448.0904385227597
0.6600000000000003,-0.0132385402372667,-0.005645196437130356,0.46601878727897444,6.2668953793710145,0.02874848873799163,0.0,-0.0737201660347454,-0.03662650143901592,1.3045845406202674,-0.060981581599979046,0.0971718855182811,0.0,426.07440898681426,427.5640270462328,427.8911625669435,426.43052082882616
0.7200000000000003,-0.018214210652850307,-0.008156733208500693,0.5451324202052772,6.262943063889104,0.03500027926343474,0.0,-0.09268901457227008,-0.04743588635060883,1.3324799168924624,-0.07808438365208234,0.11545116833771676,0.0,414.5313281860498,416.1444644102923,415.92952325148184,414.4254188299012
0.7800000000000004,-0.024562971128998766,-0.011460688706277675,0.6291059318995158,6.257878697212117,0.041485749715429954,0.0,-0.11965605332914883,-0.06320866911683554,1.4664341033347534,-0.10167766814550931,0.08631187184994962,0.0,450.74938658507193,448.39831648244603,450.41811613061606,448.50012410004484
0.8400000000000004,-0.03244779669123672,-0.015691482976770876,0.7160350808855115,6.252458560187444,0.046276052508308574,0.0,-0.14358660862903155,-0.07828558054096911,1.4312162226740353,-0.07403348709701248,0.06195924816974104,0.0,395.5096814578063,393.2663653010344,392.6597248673206,395.20727817758313
0.9000000000000005,-0.04212137205796168,-0.021098842043783518,0.806752484784666,6.248006066504576,0.04999222139165482,0.0,-0.17926952452790546,-0.10244636686134935,1.5924467376349896,-0.07455981977722724,0.061889929275908376,0.0,458.7285518023888,458.7256747121389,457.9162707010902,457.87027804090377
0.9600000000000005,-0.05385209716919322,-0.027936453725020082,0.9038138188487798,6.243269935907499,0.05447480994215326,0.0,-0.21214732500837724,-0.1259048962718481,1.6428187431992218,-0.08955431461767242,0.09251994738827587,0.0,422.9672713516588,425.60116305919723,424.0615538458724,422.7662165933458
1.0200000000000005,-0.06787684035548586,-0.0364444810067682,1.0080203276014863,6.237540298078544,0.0597908507826288,0.0,-0.2559559950378723,-0.15831662481273762,1.8303802335169774,-0.11130432970628261,0.07931517263652209,0.0,466.8057340349811,465.78032788055106,468.65257778361655,466.95155256681744
1.0800000000000005,-0.0842739567620672,-0.04674522965856907,1.1172675304746598,6.230708340575113,0.06453262105050239,0.0,-0.2910188156146918,-0.18561141421419589,1.811164382582571,-0.1195507984519786,0.078452319589922,0.0,401.84566620155505,401.7731720398895,401.3580041230924,400.5957487702859
1.1400000000000006,-0.1032059368320697,-0.05908844688658195,1.2306772371744434,6.223628028415863,0.06959386713271609,0.0,-0.34057435708823863,-0.22660068344946693,1.9688086020589555,-0.11508319521685209,0.09410828619619047,0.0,458.214134146132,459.4624602878289,458.76060068177947,459.10314511914885
1.2000000000000006,-0.1252159224541785,-0.07403735140471039,1.3533486283426226,6.216573569508178,0.07523970512766365,0.0,-0.39369378949558753,-0.2724409547367489,2.119860924458316,-0.12308503600244668,0.09407533507476883,0.0,457.1402965795803,457.14490770686837,458.444537639285,457.7963221707272
1.2600000000000007,-0.15047112659298298,-0.09183433892721717,1.4841752710753855,6.208992011380182,0.0809044813949864,0.0,-0.4487258310171512,-0.32155823429376507,2.240676526580754,-0.13386960500169778,0.09507924381927974,0.0,449.3771767413631,449.46599768666664,449.2525757528014,448.3628344988586
1.3200000000000007,-0.17954220562707834,-0.11310215987378329,1.6269912012505328,6.20139062921492,0.08628849078879064,0.0,-0.5209818611073266,-0.38832006523406254,2.519113592670629,-0.11523617107974708,0.07602532665126177,0.0,496.94467621127546,495.551784098537,496.2107340188638,497.56366578710237
1.3800000000000008,-0.21253015283243776,-0.13804148456689372,1.7801592796738381,6.194281400035953,0.09103362047154118,0.0,-0.5790596116075476,-0.4436547801201735,2.5862118012514,-0.12593631793055957,0.08459092217866764,0.0,433.9594133799739,434.68294673643624,434.9114922542465,434.00129679755287
1.4400000000000008,-0.24895490480007737,-0.16630166589548454,1.9357748868895015,6.186812010021917,0.09597340703122281,0.0,-0.6355481322191394,-0.49901560270634915,2.60080569599122,-0.12174604073701634,0.07737689738562288,0.0,418.0538273343664,417.43073172102,417.5018863090861,417.8521511644813
1.5000000000000009,-0.28939133090231883,-0.19855255911074313,2.097700764070687,6.179507675566001,0.10084777996702954,0.0,-0.712845981683492,-0.5768104746522944,2.796075865044875,-0.12172465980949507,0.08801699223521994,0.0,474.3922036927995,475.213330408841,475.27645512523253,475.265748478693
1.560000000000001,-0.3340281178721826,-0.23507016321626348,2.265884368163373,6.1723674941776245,0.10698038705358215,0.0,-0.775566585740914,-0.6410776676502054,2.809841312673535,-0.11405493571801426,0.1213304727847387,0.0,417.6674454319703,420.5720459910052,419.0465250753601,419.699012638196
1.620000000000001,-0.3824882943604809,-0.2755109098093857,2.4343338150306173,6.1656948875559845,0.11409450250058129,0.0,-0.8404032899164156,-0.7075251356021363,2.8049641852781035,-0.10605818669850293,0.11238353331590514,0.0,413.571468199157,412.7964342341776,413.3064486345121,413.9986524395817
1.680000000000001,-0.43502574563509366,-0.320116531378453,2.6029906297837684,6.159365977081482,0.1203993264119525,0.0,-0.9114353603397838,-0.7798823849265295,2.8167029910425763,-0.10435431117654727,0.08357294473083773,0.0,419.68982243103295,417.1916781946753,420.4157825333132,420.5529660891348
1.740000000000001,-0.4920739655773415,-0.36931828457948673,2.773447306965401,6.153249184548439,0.1256045794576286,0.0,-0.9906478148298763,-0.8607377073518815,2.8648611122509404,-0.09752356285960566,0.09245526643440158,0.0,431.4162870508231,432.1720552082828,432.07232570208214,432.6384800579787
1.8000000000000012,-0.5541096840742525,-0.4236205851721608,2.947779298717803,6.147717790580987,0.1309925085916106,0.0,-1.0777341051995344,-0.9498659693331832,2.9457681696810925,-0.08323171449553123,0.08387670061597423,0.0,443.1873638207578,442.48844277791034,443.3988943725416,444.56420766357496
1.8600000000000012,-0.6214808244045676,-0.483379225721735,3.1269345738979304,6.142316950331818,0.13612991797246643,0.0,-1.1684552289480155,-1.0425611128127295,3.0256309345764816,-0.10917464496233203,0.08890419053500218,0.0,443.7037756970118,444.1223662937506,445.18758370687715,443.05252841308635
1.9200000000000013,-0.6947702496742524,-0.5491907237207626,3.3134802625153954,6.1353477769063325,0.14117721050567233,0.0,-1.2750523897138755,-1.151824813765523,3.191787334512854,-0.13616103811001998,0.07225286563496883,0.0,473.2814916809287,472.0033765680283,472.0347508665515,469.9358023964231
1.9800000000000013,-0.7747164210796639,-0.6218744141397959,3.5109615394864786,6.126622411453763,0.14514085769775775,0.0,-1.3902313070805141,-1.2718264501720542,3.3899756538023227,-0.1797256753662437,0.04928971802692639,0.0,484.40882515538925,482.68163664971746,484.08345674326296,480.7743828680573
2.0400000000000014,-0.8614251488333933,-0.7017172304115663,3.718661471540264,6.11531368043474,0.14786164765282628,0.0,-1.500309765496902,-1.3906952819407752,3.532515058791033,-0.2184212783175119,0.035988370982127434,0.0,469.32711556411346,468.29460329578336,469.2140317988882,466.1657550106902
2.1000000000000014,-0.9541501434022487,-0.7882125335674002,3.930563185151552,6.102407700383273,0.15012406662213884,0.0,-1.5907269223938167,-1.4935976953788686,3.53050327693786,-0.20917948877470624,0.04093914347836561,0.0,422.89113625530746,423.318155347534,423.863503554635,424.60888669266274
2.1600000000000015,-1.0529065015941863,-0.8817802834591311,4.14591794413493,6.089468850166281,0.15261120211176582,0.0,-1.7013579283432636,-1.6265588650498775,3.6471211897791727,-0.23347101185059388,0.04245896129265809,0.0,462.1575775367754,462.27820106180076,464.71967380454083,462.7669044899911
2.2200000000000015,-1.1578878491066138,-0.9830078384398004,4.365190702235601,6.075557758698576,0.15591937292933977,0.0,-1.798289476565037,-1.748903864061209,3.661426147793861,-0.22880049220544776,0.07280762495991082,0.0,430.21266659977783,432.77690026938586,432.26028816519914,432.5985852913298
2.2800000000000016,-1.2688604532631385,-1.09196427799063,4.585890860673295,6.061625226075824,0.15995553341249202,0.0,-1.9011755943504172,-1.8841895317484685,3.6945581294399457,-0.24006888871751264,0.052895169774868786,0.0,440.43194045234094,438.78514415102103,439.87944895823784,438.8906289980403
2.3400000000000016,-1.3860848541841626,-1.2092997273650343,4.808498029324014,6.047924164516367,0.16311740804582886,0.0,-2.0065831781122525,-2.0282125329005365,3.7249710679790247,-0.21167226587762267,0.05230059608146138,0.0,439.957894847927,439.91050114328567,439.22227421343433,441.51793080957907
2.4000000000000017,-1.5099669214176283,-1.3359076110089807,5.03441751403048,6.0353094146241055,0.1659931852344858,0.0,-2.123073620799918,-2.1931900377512483,3.8047373837122493,-0.20754015740811202,0.03732104260371289,0.0,457.927121001541,456.73517127560564,458.0041522989058,458.2906134265696
2.4600000000000017,-1.6409934357368943,-1.4728042422690388,5.265565938142446,6.022418939317905,0.16824584553171285,0.0,-2.2446442183937974,-2.371168294467639,3.89915889876562,-0.23630170625087404,0.03798712655681955,0.0,464.2628090484072,464.31567363309625,465.7050501594227,463.4051395042928
2.520000000000002,-1.7794088172739568,-1.6207129833014626,5.502505380873054,6.007724430146812,0.17052166070689,0.0,-2.3693623916192847,-2.5604138012877935,3.9976240821038984,-0.2737645914892255,0.037816290240792604,0.0,468.32602785734167,468.3133473599803,469.234787332661,466.25820102764334
2.580000000000002,-1.925164657021694,-1.7799728213206838,5.7441300133725575,5.990704465959421,0.1726099423968428,0.0,-2.4893242842176035,-2.749679764963563,4.055381679186159,-0.3269727179436199,0.027975970774028826,0.0,457.7064749332014,456.9230287629935,460.313177139155,455.99842443322984
2.640000000000002,-2.0779973847539215,-1.9506493218972183,5.988161412048866,5.971234403689305,0.17470437815353357,0.0,-2.6052396491685195,-2.9411741571165138,4.077850155039261,-0.3199784259417051,0.046046206772496774,0.0,448.0195545948022,449.4870679416294,448.742243360255,449.20302236859027
2.700000000000002,-2.2366875458820097,-2.131157319684697,6.2272242711850705,5.95228706032389,0.17760143638746317,0.0,-2.684733500527272,-3.077054040020021,3.8908231402355558,-0.3085245124432464,0.05242043475976252,0.0,375.8296815366043,376.4489969828441,374.6411914174532,375.6311981704544
2.760000000000002,-2.4014652751590377,-2.3223653711174137,6.461629315937855,5.933582448198848,0.18057501567919143,0.0,-2.8080886102889746,-3.2980682129724643,3.921319707036057,-0.31909347628799023,0.043119314850954826,0.0,455.75992729222406,455.017275751625,454.9235063336653,453.97912129130617
2.820000000000002,-2.5734081616204008,-2.526615745672895,6.69615237895866,5.91444106721416,0.183635591166456,0.0,-2.923567472167254,-3.511755495558874,3.8949594787436004,-0.3188828527642692,0.06336847299020552,0.0,437.45383716045376,439.1386481729597,439.3131459326632,439.2251946565266
2.880000000000002,-2.752438278685263,-2.7441906081840064,6.929385054153608,5.895690813716676,0.18738787348354258,0.0,-3.0443946237994974,-3.7421763286457597,3.878133587712799,-0.3021190725625637,0.06082400682594322,0.0,444.26935060432396,444.06346439814797,444.96592176765006,446.2365385659862
2.940000000000002,-2.9397958234130903,-2.977915841229687,7.166294301348133,5.877639403593999,0.19094503751377712,0.0,-3.201055191646111,-4.050098435738834,4.016485673911803,-0.298450817350516,0.05601917097560431,0.0,498.36642058506936,498.0170969261981,499.0446822607934,499.2310922979307
3.000000000000002,-3.135563310140744,-3.2282961090864943,7.406168112378309,5.859504220734543,0.19393265378600955,0.0,-3.3247569826539602,-4.2971997727930455,3.9779256339194395,-0.3111871357033109,0.03288950361321642,0.0,447.32900466574785,445.4426294395792,445.3082786584083,444.17158528783693
3.0600000000000023,-3.338366996566879,-3.4928733450943255,7.6414835810869635,5.8410052569378035,0.19630346695114742,0.0,-3.4355545541055372,-4.523327486358298,3.864913693883105,-0.3031293078420439,0.05024777632341851,0.0,420.8373676611327,422.33837128702277,422.14491291593276,422.73733576949843
3.1200000000000023,-3.5491298170599124,-3.774013464805351,7.875545363586966,5.822699742252352,0.19984778793766722,0.0,-3.590013185864826,-4.849252405374298,3.934779300506138,-0.30932629298871284,0.07256414864677493,0.0,488.4707296393501,490.13439120197216,487.5188907287579,486.96951553115906
3.1800000000000024,-3.769191913888148,-4.074947075920911,8.113293310655095,5.804162267835588,0.2038874154822654,0.0,-3.7455982673517583,-5.183039621950832,3.9876725686726524,-0.30823303233945937,0.053981591411920084,0.0,488.67518991838756,487.2906472098572,488.19467839456894,488.1882316487842
3.2400000000000024,-3.9975675214120505,-4.393780904791047,8.349205982377214,5.785955723349879,0.20713484371375301,0.0,-3.8671389112674106,-5.445906593165435,3.874681714789845,-0.29528162707547756,0.05440661259310628,0.0,434.9226820079715,434.9603000250579,436.0563510109912,437.0413380769624
3.3000000000000025,-4.2331526489399876,-4.728326421929643,8.577527073399548,5.768469484508046,0.21035524223379465,0.0,-3.9859248220545522,-5.706699199526319,3.7347258731323785,-0.28469959178222015,0.05216542356958043,0.0,429.3981972958578,429.2099904687575,428.572696900626,429.38165711597213
3.3600000000000025,-4.476509207046276,-5.080121584098034,8.799619063465371,5.75149000775361,0.2135910462493138,0.0,-4.126100441077616,-6.0207586230809955,3.666404206991529,-0.27978398512124536,0.057243184587323075,0.0,459.36342878028864,459.76782350064764,458.59581956037266,458.90776226325016
3.4200000000000026,-4.728064375134075,-5.450383494190169,9.016262939655537,5.734681698321175,0.21665892156520616,0.0,-4.259239865244325,-6.322233487539978,3.553321690783309,-0.2808553463701075,0.034664285624466266,0.0,448.18357114575457,446.34574313292825,447.835644065069,447.669618230416
3.4800000000000026,-4.988454306704896,-5.840869219727724,9.228935461825118,5.7180987492936595,0.21825468125533476,0.0,-4.420347950785631,-6.69470937793412,3.533182535873756,-0.2686894166253053,0.0010406562313453986,0.0,486.3563839197307,483.83098085631536,485.5396005938608,486.3814134351152
3.5400000000000027,-5.257219545982117,-6.250789226294016,9.435084098304387,5.701808475413532,0.21834307712287604,0.0,-4.538519085673081,-6.970272567327435,3.3371862070632727,-0.2778145550603438,0.0023248046044366706,0.0,425.931962604922,426.0417751362828,426.28518973797173,425.4262662288704
3.6000000000000028,-5.533333608830597,-6.678071821248921,9.630166021049435,5.6858536206547114,0.21842041292131853,0.0,-4.665249631686498,-7.273378307735317,3.1639598013398444,-0.2490518924659133,-0.0008679368487594457,0.0,438.726509822641,438.46123232569715,437.3392933327525,439.65567514094505
3.660000000000003,-5.817379139890993,-7.124568067534027,9.815781091532045,5.6713664792007386,0.2184397562887579,0.0,-4.802825113353872,-7.610547527374252,3.021321906250234,-0.2294743277991428,0.0026028601031097953,0.0,454.63398699883584,454.9120708459895,453.8060360385031,455.3179803535516
3.720000000000003,-6.109786873825403,-7.591768030849821,9.992930305712825,5.658182015113802,0.21841657122985847,0.0,-4.9439729145454505,-7.96338155599352,2.8816610072150053,-0.2052109186366132,-0.007159727099863592,0.0,460.5697576734366,459.79675585625006,460.3005773493264,462.17076676680387
3.780000000000003,-6.411091350079949,-8.081459295371577,10.162962601732778,5.645527591079599,0.21834252248856156,0.0,-5.099259526313041,-8.36002830037775,2.7836576243576077,-0.22581113865805222,0.00855883020161833,0.0,481.72126918081085,482.9087909654933,481.5174758606749,479.91535580453643
3.840000000000003,-6.721043331342833,-8.593346267340507,10.324359891254437,5.6325087489893,0.21921048371148366,0.0,-5.232424489076284,-8.703474165015262,2.5943361063269936,-0.20349682864645768,0.024232814609019118,0.0,451.28833515581175,452.55205970070165,452.8114781393024,454.55758810396077
3.900000000000003,-7.038176596945012,-9.123769106854006,10.471148519514664,5.620106283069525,0.22138708486442127,0.0,-5.338871688267093,-8.978190145695315,2.297500884933944,-0.21404435631206273,0.05331308510080421,0.0,411.6625538472992,414.2294400758743,413.62095545617234,412.6448828304999
3.960000000000003,-7.3614595739768,-9.670092685938071,10.598916709422713,5.607319623927733,0.22454439717544172,0.0,-5.437501137364018,-9.233592131975266,1.960442092192823,-0.21130986746793234,0.05120287697585861,0.0,397.9823156635341,397.7911981831566,398.9916801986495,399.1909051778815
4.020000000000002,-7.6908810917707635,-10.232397622712401,10.706818858654465,5.595321188648128,0.22732329703476672,0.0,-5.543445645229078,-9.510823589781362,1.6350607935490107,-0.18369054168467963,0.03410742026050226,0.0,407.6678791082947,406.13826956509126,406.1237046364569,408.5504308340696
4.080000000000001,-8.028103293720433,-10.815369011112054,10.799609248779497,5.584202240222741,0.22927542235487408,0.0,-5.6972072426946045,-9.921797896643238,1.4553587349938433,-0.18877662660567635,0.029190598200911883,0.0,473.2262361337314,472.84781064714605,472.91360166557234,472.49044952951084
4.14,-8.372661162497533,-11.417886882704332,10.874972170290492,5.5729054333227275,0.2312638753616305,0.0,-5.788344725136443,-10.163347970380803,1.055900560177684,-0.1873066629455239,0.04005611051206591,0.0,382.4409108550278,383.47552408180894,383.5780251568478,383.6770512139769
4.199999999999998,-8.724494130166564,-12.03998545383871,10.931794706511925,5.561989910882389,0.2335289300100598,0.0,-5.939357243387014,-10.573553961913525,0.8355299003796505,-0.17290573596088754,0.03268945983336929,0.0,466.59540648047755,466.0203395092187,466.8593095994453,467.95156453869487
4.259999999999997,-9.084930432522132,-12.685524117126588,10.97346426613132,5.551397758484335,0.2358131210851342,0.0,-6.0752047366084865,-10.944943079635394,0.5512131011073429,-0.185003874151499,0.04709821219032522,0.0,446.3543231680148,447.5297935724623,448.24343296186487,447.2288388386132
4.319999999999996,-9.453993910764238,-13.354764140799874,10.99906102588552,5.54045560060792,0.23893388516428793,0.0,-6.226855283512173,-11.363305041839068,0.2991504593707175,-0.17756845620126077,0.060370593733173473,0.0,467.0281175999816,468.0641336909765,467.90966885437933,468.45799490250874
4.379999999999995,-9.833113961222512,-14.05183574459838,11.01185897487786,5.5303257395384975,0.24252518837699721,0.0,-6.4102610107914995,-11.87206194240758,0.12360630280277904,-0.15545286313371323,0.058803972017227125,0.0,507.964619413873,507.8542565376083,505.0644556046755,506.63363147414054
4.439999999999993,-10.221758090978952,-14.77539823422065,11.009135068754947,5.521273753238088,0.24572053349983314,0.0,-6.544618049206683,-12.24729665360179,-0.21680691984558745,-0.14299694105762198,0.03884437435088286,0.0,450.3050074444898,448.6885587586623,447.16807103530823,448.16067834037193
4.499999999999992,-10.618633050651972,-15.52203783143916,10.985951261953446,5.512328341894312,0.24755619510036375,0.0,-6.684537827752187,-12.641291876000826,-0.5585611836811727,-0.16546464212399836,0.003952290668386257,0.0,457.4101291812872,454.6219786436692,455.3887283456434,453.56634839272596
4.559999999999991,-11.024339426325657,-16.29367757631853,10.942995634913014,5.502057519607048,0.24734928023624736,0.0,-6.838751697622791,-13.08040551993937,-0.876444910189252,-0.18616169333238886,-0.02546018561935483,0.0,474.4639441935173,472.19950929500584,474.65722418388515,473.03894099756207
4.6199999999999894,-11.439025547330948,-17.0911465172016,10.879718156339655,5.490630796125929,0.2454061716206395,0.0,-6.983825240072615,-13.502456444683178,-1.2359047276872364,-0.2007772360034891,-0.0521815902279678,0.0,465.6967812450948,463.60050343723975,465.7436120992511,464.56477609523273
4.679999999999988,-11.861545187211009,-17.911754019099096,10.791975630708901,5.47867241273995,0.24261482588364824,0.0,-7.100094007135291,-13.852277483044237,-1.6912946639011204,-0.1965204871753663,-0.037102296086035755,0.0,429.52642358947696,430.8025674745741,430.02474474320894,430.3450297615622
4.739999999999987,-12.290647954740898,-18.75247256052072,10.675334954300315,5.467112933890693,0.2404426319693309,0.0,-7.2034118457400425,-14.173114635049686,-2.198977234375566,-0.18588683774853487,-0.03446354210304466,0.0,411.78719477497657,412.0199778022404,412.79089849541333,413.68935301509924
4.799999999999986,-12.72603111769608,-19.61293101706012,10.527946515819899,5.455869659866632,0.23799777661080856,0.0,-7.309417560236976,-14.51029372517594,-2.716461139934096,-0.19056766736317643,-0.05788099246726979,0.0,417.3702768429013,415.31920296515915,415.17025916224225,414.7222555745242
4.859999999999984,-13.168212346494064,-20.4952274032385,10.3501875222319,5.4441917851378285,0.2347695452852383,0.0,-7.429820485349807,-14.900770674692607,-3.2119722026721087,-0.2043191346200205,-0.04669518622925184,0.0,435.5417535509048,436.4747396201967,435.93884326973716,434.7495586500197
4.919999999999983,-13.61787990267626,-21.402095857057084,10.142852744955078,5.43173092586961,0.23159662008644943,0.0,-7.5588372888740425,-15.329080937664063,-3.7029290108753403,-0.2154182320273887,-0.06963531234518139,0.0,450.1631374569891,448.30011024255595,449.075442124878,448.1316094258431
4.979999999999982,-14.074842053795082,-22.333597135899673,9.904196006945087,5.418795230884756,0.2271619957607527,0.0,-7.673084228372314,-15.722218015831976,-4.255851289072588,-0.21594999152542593,-0.08423006379104031,0.0,432.15185345984185,430.9146867725345,430.0872006396439,429.99451908885214
5.0399999999999805,-14.538576196341747,-23.28877567309564,9.63148286101635,5.405999653098537,0.22194693989060799,0.0,-7.784583102960107,-16.11844797628711,-4.838313214965797,-0.20836723251346506,-0.09291763596468454,0.0,428.80814589044354,428.062509879793,427.83812266039365,428.4367867815021
